   occupation matrix (subspace #           1 , spin            1 )
   0.16152  -0.00000   0.05410   0.00000   0.00034
  -0.00000   0.16021  -0.00000  -0.06378   0.00000
   0.05410  -0.00000   0.10510   0.00000   0.00015
   0.00000  -0.06378   0.00000   0.16076   0.00000
   0.00034   0.00000   0.00015   0.00000   0.10210
   occupation matrix (subspace #           2 , spin            1 )
   0.16154  -0.00000  -0.05404   0.00000  -0.00000
  -0.00000   0.16050   0.00000   0.06359   0.00000
  -0.05404   0.00000   0.10533  -0.00000   0.00000
   0.00000   0.06359  -0.00000   0.16050  -0.00000
  -0.00000   0.00000   0.00000  -0.00000   0.10200
   occupation matrix (subspace #           3 , spin            1 )
   0.16131  -0.00000   0.05371   0.00000   0.00064
  -0.00000   0.16085  -0.00000  -0.06368   0.00000
   0.05371  -0.00000   0.10513  -0.00000   0.00033
   0.00000  -0.06368  -0.00000   0.16103  -0.00000
   0.00064   0.00000   0.00033  -0.00000   0.10178
   occupation matrix (subspace #           4 , spin            1 )
   0.16169   0.00032  -0.05399   0.00032  -0.00000
   0.00032   0.16053   0.00094   0.06357   0.00001
  -0.05399   0.00094   0.10534   0.00094   0.00000
   0.00032   0.06357   0.00094   0.16053  -0.00001
  -0.00000   0.00001   0.00000  -0.00001   0.10190
   occupation matrix (subspace #           5 , spin            1 )
   0.16063   0.00000   0.05318  -0.00000  -0.00008
   0.00000   0.16177  -0.00000  -0.06346  -0.00000
   0.05318  -0.00000   0.10502   0.00000  -0.00061
  -0.00000  -0.06346   0.00000   0.16035  -0.00000
  -0.00008  -0.00000  -0.00061  -0.00000   0.10221
   occupation matrix (subspace #           6 , spin            1 )
   0.16206   0.00083  -0.05353   0.00083  -0.00000
   0.00083   0.16188   0.00505   0.06186  -0.00043
  -0.05353   0.00505   0.10398   0.00505   0.00000
   0.00083   0.06186   0.00505   0.16189   0.00043
  -0.00000  -0.00043   0.00000   0.00043   0.10282
   occupation matrix (subspace #           7 , spin            1 )
   0.16131   0.00000   0.05371  -0.00000   0.00064
   0.00000   0.16085   0.00000  -0.06368  -0.00000
   0.05371   0.00000   0.10513  -0.00000   0.00033
  -0.00000  -0.06368  -0.00000   0.16103  -0.00000
   0.00064  -0.00000   0.00033  -0.00000   0.10178
   occupation matrix (subspace #           8 , spin            1 )
   0.16206  -0.00083  -0.05353  -0.00083  -0.00000
  -0.00083   0.16188  -0.00505   0.06186   0.00043
  -0.05353  -0.00505   0.10398  -0.00505   0.00000
  -0.00083   0.06186  -0.00505   0.16189  -0.00043
  -0.00000   0.00043   0.00000  -0.00043   0.10282
   occupation matrix (subspace #           9 , spin            1 )
   0.16152   0.00000   0.05410  -0.00000   0.00034
   0.00000   0.16021   0.00000  -0.06378  -0.00000
   0.05410   0.00000   0.10510  -0.00000   0.00015
  -0.00000  -0.06378  -0.00000   0.16076  -0.00000
   0.00034  -0.00000   0.00015  -0.00000   0.10210
   occupation matrix (subspace #          10 , spin            1 )
   0.16169  -0.00032  -0.05399  -0.00032  -0.00000
  -0.00032   0.16053  -0.00094   0.06357  -0.00001
  -0.05399  -0.00094   0.10534  -0.00094   0.00000
  -0.00032   0.06357  -0.00094   0.16053   0.00001
  -0.00000  -0.00001   0.00000   0.00001   0.10190
   occupation matrix (subspace #          11 , spin            1 )
   0.16147  -0.00000   0.05453   0.00000   0.00000
  -0.00000   0.16050  -0.00000  -0.06329   0.00000
   0.05453  -0.00000   0.10431   0.00000   0.00000
   0.00000  -0.06329   0.00000   0.16050   0.00000
   0.00000   0.00000   0.00000   0.00000   0.10247
   occupation matrix (subspace #          12 , spin            1 )
   0.16185   0.00000  -0.05473   0.00000  -0.00000
   0.00000   0.16019  -0.00000   0.06372   0.00000
  -0.05473  -0.00000   0.10513  -0.00000   0.00000
   0.00000   0.06372  -0.00000   0.16019  -0.00000
  -0.00000   0.00000   0.00000  -0.00000   0.10245
   occupation matrix (subspace #          13 , spin            1 )
   0.15914   0.00000   0.06194   0.00000   0.00000
   0.00000   0.16220   0.00000  -0.06099  -0.00000
   0.06194   0.00000   0.10141  -0.00000   0.00000
   0.00000  -0.06099  -0.00000   0.16221  -0.00000
   0.00000  -0.00000   0.00000  -0.00000   0.10606
   occupation matrix (subspace #          14 , spin            1 )
   0.16204  -0.00059  -0.05503   0.00059  -0.00000
  -0.00059   0.15992   0.00008   0.06416  -0.00025
  -0.05503   0.00008   0.10522  -0.00008   0.00000
   0.00059   0.06416  -0.00008   0.15992  -0.00025
  -0.00000  -0.00025   0.00000  -0.00025   0.10259
   occupation matrix (subspace #          15 , spin            1 )
   1.17333  -0.00000  -0.52175   0.00000  -0.00001
  -0.00000   1.47343   0.00000   0.55831   0.00000
  -0.52175   0.00000   1.71301  -0.00000  -0.00001
   0.00000   0.55831  -0.00000   1.47342   0.00000
  -0.00001   0.00000  -0.00001   0.00000   2.02555
   occupation matrix (subspace #          16 , spin            1 )
   0.16054   0.00162  -0.05253  -0.00162  -0.00000
   0.00162   0.16139  -0.00090   0.06318   0.00070
  -0.05253  -0.00090   0.10492   0.00090   0.00000
  -0.00162   0.06318   0.00090   0.16140   0.00070
  -0.00000   0.00070   0.00000   0.00070   0.10419
   occupation matrix (subspace #          17 , spin            1 )
   0.15914  -0.00000   0.06194  -0.00000   0.00000
  -0.00000   0.16220   0.00000  -0.06099  -0.00000
   0.06194   0.00000   0.10141  -0.00000   0.00000
  -0.00000  -0.06099  -0.00000   0.16221  -0.00000
   0.00000  -0.00000   0.00000  -0.00000   0.10606
   occupation matrix (subspace #          18 , spin            1 )
   0.16054  -0.00162  -0.05253   0.00162  -0.00000
  -0.00162   0.16139   0.00090   0.06318  -0.00070
  -0.05253   0.00090   0.10492  -0.00090   0.00000
   0.00162   0.06318  -0.00090   0.16140  -0.00070
  -0.00000  -0.00070   0.00000  -0.00070   0.10419
   occupation matrix (subspace #          19 , spin            1 )
   0.16147   0.00000   0.05453  -0.00000   0.00000
   0.00000   0.16050   0.00000  -0.06329  -0.00000
   0.05453   0.00000   0.10431  -0.00000   0.00000
  -0.00000  -0.06329  -0.00000   0.16050  -0.00000
   0.00000  -0.00000   0.00000  -0.00000   0.10247
   occupation matrix (subspace #          20 , spin            1 )
   0.16204   0.00059  -0.05503  -0.00059  -0.00000
   0.00059   0.15992  -0.00008   0.06416   0.00025
  -0.05503  -0.00008   0.10522   0.00008   0.00000
  -0.00059   0.06416   0.00008   0.15992   0.00025
  -0.00000   0.00025   0.00000   0.00025   0.10259
   occupation matrix (subspace #          21 , spin            1 )
   0.16112  -0.00000   0.05416   0.00000   0.00000
  -0.00000   0.16082  -0.00000  -0.06408   0.00000
   0.05416  -0.00000   0.10551   0.00000   0.00000
   0.00000  -0.06408   0.00000   0.16083   0.00000
   0.00000   0.00000   0.00000   0.00000   0.10199
   occupation matrix (subspace #          22 , spin            1 )
   0.16185   0.00000  -0.05473  -0.00000  -0.00000
   0.00000   0.16019  -0.00000   0.06372   0.00000
  -0.05473  -0.00000   0.10513  -0.00000   0.00000
  -0.00000   0.06372  -0.00000   0.16019   0.00000
  -0.00000   0.00000   0.00000   0.00000   0.10245
   occupation matrix (subspace #          23 , spin            1 )
   0.16035  -0.00000   0.05274   0.00000   0.00000
  -0.00000   0.16163  -0.00000  -0.06407   0.00000
   0.05274  -0.00000   0.10511   0.00000   0.00000
   0.00000  -0.06407   0.00000   0.16164   0.00000
   0.00000   0.00000   0.00000   0.00000   0.10192
   occupation matrix (subspace #          24 , spin            1 )
   0.16204   0.00059  -0.05503  -0.00059  -0.00000
   0.00059   0.15992  -0.00008   0.06416   0.00025
  -0.05503  -0.00008   0.10522   0.00008   0.00000
  -0.00059   0.06416   0.00008   0.15992   0.00025
  -0.00000   0.00025   0.00000   0.00025   0.10259
   occupation matrix (subspace #          25 , spin            1 )
   0.15668  -0.00000   0.04856  -0.00000   0.00000
  -0.00000   0.16409  -0.00000  -0.06383   0.00000
   0.04856  -0.00000   0.10495   0.00000   0.00000
  -0.00000  -0.06383   0.00000   0.16409  -0.00000
   0.00000   0.00000   0.00000  -0.00000   0.10261
   occupation matrix (subspace #          26 , spin            1 )
   0.16054  -0.00162  -0.05253   0.00162  -0.00000
  -0.00162   0.16139   0.00090   0.06318  -0.00070
  -0.05253   0.00090   0.10492  -0.00090   0.00000
   0.00162   0.06318  -0.00090   0.16140  -0.00070
  -0.00000  -0.00070   0.00000  -0.00070   0.10419
   occupation matrix (subspace #          27 , spin            1 )
   0.16035   0.00000   0.05274   0.00000   0.00000
   0.00000   0.16163   0.00000  -0.06407   0.00000
   0.05274   0.00000   0.10511   0.00000   0.00000
   0.00000  -0.06407   0.00000   0.16164   0.00000
   0.00000   0.00000   0.00000   0.00000   0.10192
   occupation matrix (subspace #          28 , spin            1 )
   0.16054   0.00162  -0.05253  -0.00162  -0.00000
   0.00162   0.16139  -0.00090   0.06318   0.00070
  -0.05253  -0.00090   0.10492   0.00090   0.00000
  -0.00162   0.06318   0.00090   0.16140   0.00070
  -0.00000   0.00070   0.00000   0.00070   0.10419
   occupation matrix (subspace #          29 , spin            1 )
   0.16112  -0.00000   0.05416   0.00000   0.00000
  -0.00000   0.16082   0.00000  -0.06408  -0.00000
   0.05416   0.00000   0.10551  -0.00000   0.00000
   0.00000  -0.06408  -0.00000   0.16083   0.00000
   0.00000  -0.00000   0.00000   0.00000   0.10199
   occupation matrix (subspace #          30 , spin            1 )
   0.16204  -0.00059  -0.05503   0.00059  -0.00000
  -0.00059   0.15992   0.00008   0.06416  -0.00025
  -0.05503   0.00008   0.10522  -0.00008   0.00000
   0.00059   0.06416  -0.00008   0.15992  -0.00025
  -0.00000  -0.00025   0.00000  -0.00025   0.10259
   occupation matrix (subspace #          31 , spin            1 )
   0.16152   0.00000   0.05410  -0.00000  -0.00034
   0.00000   0.16075   0.00000  -0.06378  -0.00000
   0.05410   0.00000   0.10510  -0.00000  -0.00014
  -0.00000  -0.06378  -0.00000   0.16022  -0.00000
  -0.00034  -0.00000  -0.00014  -0.00000   0.10210
   occupation matrix (subspace #          32 , spin            1 )
   0.16154   0.00000  -0.05404   0.00000  -0.00000
   0.00000   0.16050   0.00000   0.06359   0.00000
  -0.05404   0.00000   0.10533   0.00000   0.00000
   0.00000   0.06359   0.00000   0.16050  -0.00000
  -0.00000   0.00000   0.00000  -0.00000   0.10200
   occupation matrix (subspace #          33 , spin            1 )
   0.16131   0.00000   0.05371  -0.00000  -0.00063
   0.00000   0.16103  -0.00000  -0.06368  -0.00000
   0.05371  -0.00000   0.10513  -0.00000  -0.00033
  -0.00000  -0.06368  -0.00000   0.16085  -0.00000
  -0.00063  -0.00000  -0.00033  -0.00000   0.10178
   occupation matrix (subspace #          34 , spin            1 )
   0.16169  -0.00032  -0.05399  -0.00032  -0.00000
  -0.00032   0.16053  -0.00094   0.06357  -0.00001
  -0.05399  -0.00094   0.10534  -0.00094   0.00000
  -0.00032   0.06357  -0.00094   0.16053   0.00001
  -0.00000  -0.00001   0.00000   0.00001   0.10190
   occupation matrix (subspace #          35 , spin            1 )
   0.16063   0.00000   0.05318  -0.00000   0.00009
   0.00000   0.16035   0.00000  -0.06346  -0.00000
   0.05318   0.00000   0.10502   0.00000   0.00061
  -0.00000  -0.06346   0.00000   0.16177  -0.00000
   0.00009  -0.00000   0.00061  -0.00000   0.10221
   occupation matrix (subspace #          36 , spin            1 )
   0.16206  -0.00083  -0.05353  -0.00083  -0.00000
  -0.00083   0.16188  -0.00505   0.06186   0.00043
  -0.05353  -0.00505   0.10398  -0.00505   0.00000
  -0.00083   0.06186  -0.00505   0.16189  -0.00043
  -0.00000   0.00043   0.00000  -0.00043   0.10282
   occupation matrix (subspace #          37 , spin            1 )
   0.16131  -0.00000   0.05371   0.00000  -0.00063
  -0.00000   0.16103   0.00000  -0.06368   0.00000
   0.05371   0.00000   0.10513  -0.00000  -0.00033
   0.00000  -0.06368  -0.00000   0.16085   0.00000
  -0.00063   0.00000  -0.00033   0.00000   0.10178
   occupation matrix (subspace #          38 , spin            1 )
   0.16206   0.00083  -0.05353   0.00083  -0.00000
   0.00083   0.16188   0.00505   0.06186  -0.00043
  -0.05353   0.00505   0.10398   0.00505   0.00000
   0.00083   0.06186   0.00505   0.16189   0.00043
  -0.00000  -0.00043   0.00000   0.00043   0.10282
   occupation matrix (subspace #          39 , spin            1 )
   0.16152  -0.00000   0.05410   0.00000  -0.00034
  -0.00000   0.16076  -0.00000  -0.06378   0.00000
   0.05410  -0.00000   0.10510   0.00000  -0.00014
   0.00000  -0.06378   0.00000   0.16022   0.00000
  -0.00034   0.00000  -0.00014   0.00000   0.10210
   occupation matrix (subspace #          40 , spin            1 )
   0.16169   0.00032  -0.05399   0.00032  -0.00000
   0.00032   0.16053   0.00094   0.06357   0.00001
  -0.05399   0.00094   0.10534   0.00094   0.00000
   0.00032   0.06357   0.00094   0.16053  -0.00001
  -0.00000   0.00001   0.00000  -0.00001   0.10190
