   occupation matrix (subspace #           1 , spin            1 )
   0.18283   0.00002   0.02812  -0.00002   0.00000
   0.00002   0.15188   0.00000  -0.05752   0.00001
   0.02812   0.00000   0.13164  -0.00000   0.00000
  -0.00002  -0.05752  -0.00000   0.15188   0.00001
   0.00000   0.00001   0.00000   0.00001   0.09700
   occupation matrix (subspace #           2 , spin            1 )
   0.17690   0.00042  -0.04665  -0.00042  -0.00000
   0.00042   0.15768   0.00082   0.06156   0.00006
  -0.04665   0.00082   0.10849  -0.00082   0.00000
  -0.00042   0.06156  -0.00082   0.15768   0.00006
  -0.00000   0.00006   0.00000   0.00006   0.10178
   occupation matrix (subspace #           3 , spin            1 )
   0.17992   0.00038   0.03146  -0.00038   0.00000
   0.00038   0.15316  -0.00024  -0.05807   0.00129
   0.03146  -0.00024   0.12759   0.00024   0.00000
  -0.00038  -0.05807   0.00024   0.15316   0.00129
   0.00000   0.00129   0.00000   0.00129   0.09932
   occupation matrix (subspace #           4 , spin            1 )
   0.17692  -0.00038  -0.04667   0.00038  -0.00000
  -0.00038   0.15767  -0.00083   0.06155  -0.00009
  -0.04667  -0.00083   0.10845   0.00083   0.00000
   0.00038   0.06155   0.00083   0.15768  -0.00009
  -0.00000  -0.00009   0.00000  -0.00009   0.10180
   occupation matrix (subspace #           5 , spin            1 )
   0.17667  -0.00293   0.04161   0.00293   0.00000
  -0.00293   0.15541   0.00200  -0.05800   0.00084
   0.04161   0.00200   0.11051  -0.00200   0.00000
   0.00293  -0.05800  -0.00200   0.15541   0.00084
   0.00000   0.00084   0.00000   0.00084   0.10507
   occupation matrix (subspace #           6 , spin            1 )
   0.16894   0.00300  -0.04626  -0.00300  -0.00000
   0.00300   0.15966   0.00011   0.06158   0.00014
  -0.04626   0.00011   0.10856  -0.00011   0.00000
  -0.00300   0.06158  -0.00011   0.15967   0.00014
  -0.00000   0.00014   0.00000   0.00014   0.10535
   occupation matrix (subspace #           7 , spin            1 )
   0.17658   0.00293   0.04169  -0.00292   0.00000
   0.00293   0.15542  -0.00196  -0.05803  -0.00090
   0.04169  -0.00196   0.11048   0.00197   0.00000
  -0.00292  -0.05803   0.00197   0.15543  -0.00090
   0.00000  -0.00090   0.00000  -0.00090   0.10505
   occupation matrix (subspace #           8 , spin            1 )
   0.16674   0.00004  -0.05241  -0.00004  -0.00000
   0.00004   0.16161  -0.00005   0.05790   0.00005
  -0.05241  -0.00005   0.10630   0.00005   0.00000
  -0.00004   0.05790   0.00005   0.16161   0.00005
  -0.00000   0.00005   0.00000   0.00005   0.11005
   occupation matrix (subspace #           9 , spin            1 )
   0.17977  -0.00039   0.03158   0.00038   0.00000
  -0.00039   0.15322   0.00017  -0.05808  -0.00118
   0.03158   0.00017   0.12752  -0.00017   0.00000
   0.00038  -0.05808  -0.00017   0.15322  -0.00118
   0.00000  -0.00118   0.00000  -0.00118   0.09935
   occupation matrix (subspace #          10 , spin            1 )
   0.16893  -0.00300  -0.04621   0.00300  -0.00000
  -0.00300   0.15968  -0.00009   0.06156  -0.00011
  -0.04621  -0.00009   0.10854   0.00009   0.00000
   0.00300   0.06156   0.00009   0.15968  -0.00011
  -0.00000  -0.00011   0.00000  -0.00011   0.10537
   occupation matrix (subspace #          11 , spin            1 )
   0.16620  -0.00002   0.04957   0.00002  -0.00121
  -0.00002   0.15836  -0.00005  -0.06203   0.00006
   0.04957  -0.00005   0.10827   0.00005   0.00020
   0.00002  -0.06203   0.00005   0.15911   0.00008
  -0.00121   0.00006   0.00020   0.00008   0.10546
   occupation matrix (subspace #          12 , spin            1 )
   0.16887   0.00065  -0.04679   0.00026   0.00041
   0.00065   0.15714   0.00031   0.06234   0.00009
  -0.04679   0.00031   0.11107  -0.00023  -0.00005
   0.00026   0.06234  -0.00023   0.15702  -0.00020
   0.00041   0.00009  -0.00005  -0.00020   0.10376
   occupation matrix (subspace #          13 , spin            1 )
   0.16629   0.00125   0.04965   0.00060   0.00120
   0.00125   0.15846   0.00053  -0.06172   0.00003
   0.04965   0.00053   0.10823   0.00013  -0.00004
   0.00060  -0.06172   0.00013   0.15892   0.00047
   0.00120   0.00003  -0.00004   0.00047   0.10569
   occupation matrix (subspace #          14 , spin            1 )
   0.16887  -0.00053  -0.04680  -0.00038   0.00042
  -0.00053   0.15713  -0.00025   0.06237  -0.00014
  -0.04680  -0.00025   0.11106   0.00017  -0.00005
  -0.00038   0.06237   0.00017   0.15701   0.00017
   0.00042  -0.00014  -0.00005   0.00017   0.10378
   occupation matrix (subspace #          15 , spin            1 )
   0.16575   0.00059   0.04832   0.00024  -0.00223
   0.00059   0.16073   0.00100  -0.06155  -0.00152
   0.04832   0.00100   0.10834   0.00015  -0.00056
   0.00024  -0.06155   0.00015   0.15890  -0.00061
  -0.00223  -0.00152  -0.00056  -0.00061   0.10364
   occupation matrix (subspace #          16 , spin            1 )
   0.17011   0.00119  -0.04672  -0.00099  -0.00126
   0.00119   0.15502  -0.00138   0.06134   0.00151
  -0.04672  -0.00138   0.11053  -0.00136   0.00024
  -0.00099   0.06134  -0.00136   0.15829   0.00003
  -0.00126   0.00151   0.00024   0.00003   0.10460
   occupation matrix (subspace #          17 , spin            1 )
   0.16580  -0.00058   0.04841  -0.00026  -0.00219
  -0.00058   0.16077  -0.00099  -0.06158   0.00151
   0.04841  -0.00099   0.10818  -0.00014  -0.00050
  -0.00026  -0.06158  -0.00014   0.15875   0.00064
  -0.00219   0.00151  -0.00050   0.00064   0.10375
   occupation matrix (subspace #          18 , spin            1 )
   0.17057  -0.00012  -0.04609   0.00010   0.00123
  -0.00012   0.15767  -0.00007   0.06010  -0.00000
  -0.04609  -0.00007   0.11040   0.00004  -0.00002
   0.00010   0.06010   0.00004   0.15367   0.00003
   0.00123  -0.00000  -0.00002   0.00003   0.10484
   occupation matrix (subspace #          19 , spin            1 )
   0.16615  -0.00122   0.04966  -0.00058   0.00116
  -0.00122   0.15836  -0.00053  -0.06167   0.00001
   0.04966  -0.00053   0.10843  -0.00014  -0.00005
  -0.00058  -0.06167  -0.00014   0.15909  -0.00044
   0.00116   0.00001  -0.00005  -0.00044   0.10572
   occupation matrix (subspace #          20 , spin            1 )
   0.17016  -0.00113  -0.04683   0.00090  -0.00125
  -0.00113   0.15493   0.00135   0.06126  -0.00158
  -0.04683   0.00135   0.11053   0.00144   0.00028
   0.00090   0.06126   0.00144   0.15834   0.00002
  -0.00125  -0.00158   0.00028   0.00002   0.10472
   occupation matrix (subspace #          21 , spin            1 )
   0.16620  -0.00002   0.04958   0.00002   0.00122
  -0.00002   0.15911  -0.00005  -0.06203   0.00008
   0.04958  -0.00005   0.10827   0.00005  -0.00020
   0.00002  -0.06203   0.00005   0.15836   0.00006
   0.00122   0.00008  -0.00020   0.00006   0.10546
   occupation matrix (subspace #          22 , spin            1 )
   0.16887  -0.00026  -0.04679  -0.00065  -0.00041
  -0.00026   0.15702   0.00023   0.06234  -0.00020
  -0.04679   0.00023   0.11107  -0.00031   0.00005
  -0.00065   0.06234  -0.00031   0.15714   0.00009
  -0.00041  -0.00020   0.00005   0.00009   0.10376
   occupation matrix (subspace #          23 , spin            1 )
   0.16629  -0.00060   0.04965  -0.00125  -0.00120
  -0.00060   0.15892  -0.00013  -0.06172   0.00047
   0.04965  -0.00013   0.10823  -0.00053   0.00004
  -0.00125  -0.06172  -0.00053   0.15846   0.00003
  -0.00120   0.00047   0.00004   0.00003   0.10569
   occupation matrix (subspace #          24 , spin            1 )
   0.16887   0.00038  -0.04680   0.00053  -0.00042
   0.00038   0.15700  -0.00016   0.06237   0.00017
  -0.04680  -0.00016   0.11106   0.00025   0.00005
   0.00053   0.06237   0.00025   0.15714  -0.00014
  -0.00042   0.00017   0.00005  -0.00014   0.10378
   occupation matrix (subspace #          25 , spin            1 )
   0.16575  -0.00024   0.04832  -0.00059   0.00223
  -0.00024   0.15890  -0.00015  -0.06155  -0.00061
   0.04832  -0.00015   0.10834  -0.00100   0.00056
  -0.00059  -0.06155  -0.00100   0.16073  -0.00152
   0.00223  -0.00061   0.00056  -0.00152   0.10364
   occupation matrix (subspace #          26 , spin            1 )
   0.17011   0.00099  -0.04672  -0.00119   0.00126
   0.00099   0.15829   0.00136   0.06134   0.00003
  -0.04672   0.00136   0.11053   0.00138  -0.00024
  -0.00119   0.06134   0.00138   0.15502   0.00152
   0.00126   0.00003  -0.00024   0.00152   0.10460
   occupation matrix (subspace #          27 , spin            1 )
   0.16580   0.00026   0.04841   0.00058   0.00219
   0.00026   0.15875   0.00014  -0.06158   0.00064
   0.04841   0.00014   0.10818   0.00099   0.00051
   0.00058  -0.06158   0.00099   0.16077   0.00151
   0.00219   0.00064   0.00051   0.00151   0.10375
   occupation matrix (subspace #          28 , spin            1 )
   0.17057  -0.00010  -0.04609   0.00012  -0.00123
  -0.00010   0.15366  -0.00004   0.06011   0.00003
  -0.04609  -0.00004   0.11040   0.00007   0.00002
   0.00012   0.06011   0.00007   0.15767  -0.00000
  -0.00123   0.00003   0.00002  -0.00000   0.10484
   occupation matrix (subspace #          29 , spin            1 )
   0.16615   0.00058   0.04966   0.00122  -0.00115
   0.00058   0.15909   0.00014  -0.06166  -0.00044
   0.04966   0.00014   0.10843   0.00054   0.00005
   0.00122  -0.06166   0.00054   0.15836   0.00001
  -0.00115  -0.00044   0.00005   0.00001   0.10572
   occupation matrix (subspace #          30 , spin            1 )
   0.17016  -0.00090  -0.04683   0.00113   0.00124
  -0.00090   0.15834  -0.00144   0.06126   0.00002
  -0.04683  -0.00144   0.11053  -0.00135  -0.00028
   0.00113   0.06126  -0.00135   0.15493  -0.00158
   0.00124   0.00002  -0.00028  -0.00158   0.10472
   occupation matrix (subspace #          31 , spin            1 )
   0.19557   0.00000   0.00874  -0.00000   0.00000
   0.00000   0.14677  -0.00003  -0.05748   0.00004
   0.00874  -0.00003   0.14552   0.00003  -0.00000
  -0.00000  -0.05748   0.00003   0.14677   0.00004
   0.00000   0.00004  -0.00000   0.00004   0.09166
   occupation matrix (subspace #          32 , spin            1 )
   0.17713  -0.00123  -0.04872   0.00123  -0.00000
  -0.00123   0.15714  -0.00100   0.06169  -0.00001
  -0.04872  -0.00100   0.10754   0.00099   0.00000
   0.00123   0.06169   0.00099   0.15714  -0.00001
  -0.00000  -0.00001   0.00000  -0.00001   0.10394
   occupation matrix (subspace #          33 , spin            1 )
   0.18741   0.00104   0.01867  -0.00104   0.00000
   0.00104   0.15107  -0.00111  -0.05622  -0.00197
   0.01867  -0.00111   0.13718   0.00111  -0.00000
  -0.00104  -0.05622   0.00111   0.15107  -0.00197
   0.00000  -0.00197  -0.00000  -0.00197   0.09712
   occupation matrix (subspace #          34 , spin            1 )
   0.17720   0.00119  -0.04870  -0.00119  -0.00000
   0.00119   0.15711   0.00100   0.06170  -0.00004
  -0.04870   0.00100   0.10757  -0.00100   0.00000
  -0.00119   0.06170  -0.00100   0.15712  -0.00004
  -0.00000  -0.00004   0.00000  -0.00004   0.10394
   occupation matrix (subspace #          35 , spin            1 )
   0.16935  -0.00422   0.03543   0.00422   0.00000
  -0.00422   0.16240  -0.00204  -0.04965   0.00983
   0.03543  -0.00204   0.14957   0.00203   0.00000
   0.00422  -0.04965   0.00203   0.16241   0.00983
   0.00000   0.00983   0.00000   0.00983   0.10916
   occupation matrix (subspace #          36 , spin            1 )
   0.16840  -0.00264  -0.05086   0.00264  -0.00000
  -0.00264   0.16000  -0.00228   0.06232  -0.00052
  -0.05086  -0.00228   0.10695   0.00228   0.00000
   0.00264   0.06232   0.00228   0.16001  -0.00052
  -0.00000  -0.00052   0.00000  -0.00052   0.10567
   occupation matrix (subspace #          37 , spin            1 )
   0.16935   0.00421   0.03543  -0.00421   0.00000
   0.00421   0.16239   0.00209  -0.04962  -0.00987
   0.03543   0.00209   0.14959  -0.00208   0.00000
  -0.00421  -0.04962  -0.00208   0.16239  -0.00987
   0.00000  -0.00987   0.00000  -0.00987   0.10916
   occupation matrix (subspace #          38 , spin            1 )
   0.16684   0.00003  -0.05503  -0.00003   0.00000
   0.00003   0.16627  -0.00003   0.04934  -0.00001
  -0.05503  -0.00003   0.11030   0.00003   0.00000
  -0.00003   0.04934   0.00003   0.16628  -0.00001
   0.00000  -0.00001   0.00000  -0.00001   0.13207
   occupation matrix (subspace #          39 , spin            1 )
   0.18745  -0.00105   0.01872   0.00106   0.00000
  -0.00105   0.15106   0.00110  -0.05624   0.00201
   0.01872   0.00110   0.13710  -0.00110  -0.00000
   0.00106  -0.05624  -0.00110   0.15106   0.00201
   0.00000   0.00201  -0.00000   0.00201   0.09715
   occupation matrix (subspace #          40 , spin            1 )
   0.16830   0.00254  -0.05085  -0.00255  -0.00000
   0.00254   0.16007   0.00233   0.06227   0.00048
  -0.05085   0.00233   0.10692  -0.00233   0.00000
  -0.00255   0.06227  -0.00233   0.16007   0.00048
  -0.00000   0.00048   0.00000   0.00048   0.10571
